0 872.4366
1 585.27454
2 501.65466
3 467.83362
4 462.55234
5 499.20053
6 418.4387
7 381.26443
8 457.7162
9 390.58673
10 449.51193
11 320.2751
0 729.39343
1 557.5486
2 453.298
3 506.2649
4 462.26526
5 437.7365
6 467.82065
7 436.50055
8 501.37375
9 456.36957
10 374.24298
11 476.374
12 262.22598
13 446.35098
14 379.12415
15 327.2254
16 403.72897
17 375.68735
18 400.9848
19 301.86035
20 283.49594
21 325.41434
22 310.54065
23 285.0359
24 344.0298
25 348.87604
26 411.78876
27 289.79208
28 282.1748
29 301.9856
30 320.8337
31 327.30463
32 325.11108
33 192.37439
34 319.91763
35 241.63174
36 231.43893
37 359.42206
38 248.34036
39 328.1573
40 253.67505
41 206.10196
42 249.45148
43 160.51738
44 277.6809
45 268.91602
46 279.9479
47 257.22433
48 288.0692
49 199.039
50 264.449
51 302.42294
52 288.38068
53 219.19217
54 261.80884
55 240.87233
56 199.23941
57 180.82991
58 189.46875
59 159.10834
60 185.64981
61 213.54681
62 284.1616
63 200.12677
64 178.10843
65 271.9271
66 184.30746
67 227.80476
68 320.5515
69 261.64398
70 209.65007
71 193.11954
72 242.19861
73 185.57697
74 230.28305
75 152.26044
76 212.91348
77 185.12753
78 241.10768
79 219.31946
80 251.51556
81 165.32486
82 216.7909
83 158.69774
84 212.28198
85 198.09982
86 127.10433
87 165.93192
88 190.55704
89 131.49611
90 210.54617
91 168.20688
92 164.04462
93 203.86739
94 188.00604
95 187.76346
96 157.0408
97 153.4441
98 194.38194
99 149.44406
100 149.1261
101 186.8563
102 181.59285
103 149.55272
104 178.77103
105 179.51022
106 164.68614
107 191.6641
108 108.0059
109 141.53647
110 168.63431
111 118.35951
112 238.7201
113 193.9223
114 177.32835
115 219.613
116 119.4657
117 108.60698
118 171.42108
119 145.89386
120 143.8522
121 219.87955
122 161.89877
123 150.76404
124 130.79755
125 179.78094
126 133.12384
127 150.32593
128 130.54642
129 147.51077
130 161.83788
131 106.235504
132 132.5994
133 214.43947
134 119.09216
135 117.56927
136 159.24988
137 213.90324
138 113.18876
139 139.63887
140 110.39347
141 111.89955
142 104.25754
143 132.68568
144 162.57185
145 204.59631
146 122.77047
147 155.72365
148 134.70293
149 171.63416
150 163.42947
151 138.86455
152 144.42133
153 153.42502
154 112.81799
155 137.81238
156 120.657616
157 132.1659
158 170.42804
159 156.85023
160 173.53856
161 147.14174
162 127.95976
163 130.86116
164 150.27046
165 142.94221
166 167.76587
167 129.2005
168 128.67328
169 128.89381
170 140.94405
171 149.75084
172 166.09988
173 156.16089
174 166.94022
175 164.19583
176 119.450836
177 110.95535
178 138.38174
179 125.82175
180 172.44598
181 149.65167
182 116.52995
183 152.14926
184 127.71189
185 88.97084
186 155.58096
187 150.12038
188 176.30609
189 151.23746
190 92.326225
191 196.64111
192 79.189415
193 134.9056
194 101.289566
195 151.12648
196 135.05354
197 210.53015
198 119.334335
199 118.424225
200 124.26142
201 157.65268
202 151.3394
203 136.72552
204 124.02879
205 102.908714
206 146.7632
207 133.36221
208 125.62776
209 134.56468
210 172.27933
211 131.20493
212 124.16842
213 92.070854
214 92.19318
215 92.77055
216 120.8058
217 118.22472
218 140.57681
219 106.48024
220 99.53865
221 77.17038
222 128.4609
223 80.25609
224 118.47598
225 152.75626
226 105.13225
227 118.386536
228 84.51377
229 116.935394
230 137.43877
231 125.46506
232 128.04453
233 158.33725
234 113.855415
235 172.22118
236 119.24668
237 165.89201
238 89.30431
239 108.08047
240 144.06735
241 131.92763
242 125.85431
243 90.98422
244 130.08961
245 134.4724
246 135.13449
247 102.18599
248 90.527
249 104.09364
250 99.88702
251 154.447
252 114.773315
253 118.77224
254 134.13177
255 102.54936
256 141.77301
257 147.33543
258 90.16858
259 132.18265
260 130.75429
261 109.71182
262 105.39933
263 150.2794
264 125.02414
265 178.68575
266 100.91481
267 113.65016
268 134.3266
269 92.03121
270 101.70039
271 109.95557
272 98.282776
273 66.15349
274 95.01674
275 86.018875
276 109.48468
277 153.17836
278 135.4903
279 69.31052
280 106.09079
281 98.64078
282 154.07558
283 112.08067
284 109.40044
285 100.26808
286 63.002407
287 129.25638
288 126.24963
289 101.155136
290 92.83272
291 138.51013
292 117.59776
293 113.6423
294 112.84566
295 127.528915
296 107.63897
297 85.162476
298 90.13019
299 123.107704
300 92.3283
301 98.11249
302 86.48932
303 154.75046
304 126.97558
305 96.592606
306 100.78464
307 106.04848
308 78.93661
309 73.84654
310 80.14713
311 109.08131
312 90.68443
313 117.733635
314 87.0693
315 127.45127
316 58.400784
317 130.96252
318 133.9718
319 113.00682
320 89.26786
321 107.01817
322 109.56111
323 78.336876
324 81.05963
325 101.63453
326 88.760704
327 121.64597
328 111.26707
329 78.0567
330 108.45495
331 67.38856
332 116.35486
333 182.06099
334 120.47399
335 129.5925
336 92.08184
337 116.917564
338 105.896
339 83.009766
340 111.08093
341 106.24227
342 71.72454
343 167.35165
344 84.69701
345 73.57625
346 72.45906
347 119.127235
348 77.69681
349 137.69733
350 77.92155
351 120.805466
352 134.89859
353 74.473076
354 66.73364
355 102.019226
356 79.005035
357 96.0212
358 83.430885
359 118.215515
360 77.16577
361 165.89618
362 84.09642
363 83.47974
364 108.97237
365 95.749855
366 120.76007
367 151.58047
368 68.24998
369 82.028854
370 121.69946
371 87.94612
372 69.6523
373 101.40956
374 121.51125
375 117.49006
376 147.70345
377 118.195625
378 122.42323
379 98.55503
380 92.66513
381 70.360054
382 110.29068
383 132.17357
384 66.36149
385 127.39295
386 94.507996
387 114.859985
388 117.01662
389 91.19153
390 74.727585
391 74.462776
392 58.330704
393 93.409836
394 108.57855
395 80.24063
396 105.915634
397 98.65631
398 88.257355
399 84.47211
400 69.60443
401 137.52489
402 117.64886
403 115.78689
404 72.93317
405 100.414375
406 79.91229
407 65.16793
408 97.72032
409 83.85655
410 90.50058
411 140.21277
412 73.09222
413 76.72111
414 107.87879
415 84.89807
416 64.046036
417 72.07446
418 72.84507
419 112.91168
420 95.407684
421 98.760124
422 89.35979
423 121.431046
424 58.332623
425 67.17128
426 86.69119
427 78.24149
428 48.333565
429 94.689865
430 77.591415
431 130.06897
432 85.085106
433 82.47775
434 71.7957
435 72.79188
436 78.73598
437 103.04172
438 78.43561
439 94.2508
440 53.834755
441 102.90161
442 75.36362
443 105.10069
444 50.759148
445 107.10316
446 96.142395
447 61.74681
448 92.833435
449 118.8917
450 69.60448
451 125.19023
452 123.355896
453 72.72659
454 87.36069
455 95.96309
456 70.6693
457 93.754234
458 107.70232
459 66.38777
460 65.15188
461 91.50814
462 69.35791
463 93.50061
464 93.34888
465 92.44425
466 97.376526
467 69.85297
468 111.795654
469 94.78833
470 79.34482
471 96.55478
472 56.488144
473 80.455414
474 87.83626
475 85.468216
476 95.72452
477 112.44655
478 79.62555
479 78.0823
480 98.86569
481 65.70206
482 88.95879
483 109.52553
484 90.530304
485 87.37116
486 52.194294
487 104.28846
488 78.682076
489 60.73371
490 105.25093
491 88.37337
492 69.81041
493 100.62686
494 111.00025
495 117.05026
496 97.59114
497 102.85553
498 148.8215
499 120.42914
500 83.539604
501 67.571304
502 102.095314
503 60.2399
504 89.69577
505 59.23923
506 54.38566
507 103.31481
508 124.40545
509 70.84927
510 152.96127
511 89.81637
512 100.959015
513 63.336372
514 79.19873
515 66.61556
516 119.79047
517 126.43167
518 99.24013
519 105.02471
520 87.214554
521 63.347786
522 78.725525
523 114.96504
524 91.953125
525 72.052925
526 85.90097
527 133.98007
528 82.48225
529 78.57567
530 108.916306
531 97.64263
532 87.13825
533 92.20148
534 117.2171
535 79.23927
536 58.165802
537 98.55516
538 98.76199
539 90.18776
540 81.92702
541 105.95503
542 113.13728
543 100.1673
544 110.16832
545 64.044716
546 77.22164
547 99.99073
548 89.215096
549 81.07407
550 52.998222
551 73.41602
552 80.52425
553 120.47359
554 50.769226
555 74.06538
556 84.62183
557 67.69174
558 84.813156
559 91.585464
560 104.82154
561 63.387012
562 95.59454
563 94.53471
564 90.99379
565 120.324104
566 104.04984
567 91.95625
568 123.03376
569 50.473984
570 79.00366
571 89.49527
572 64.677414
573 58.430138
574 80.99098
575 56.96809
576 74.80444
577 80.779755
578 66.78693
579 78.232475
580 100.36931
581 67.65418
582 92.24772
583 94.71184
584 54.682816
585 58.42341
586 62.98537
587 93.94928
588 81.33804
589 49.22883
590 97.65484
591 80.98102
592 49.87881
593 86.001755
594 71.75117
595 71.27486
596 55.261063
597 66.04929
598 88.9349
599 60.1702
600 45.17945
601 72.718506
602 69.935265
603 61.32229
604 98.758026
605 48.09813
606 91.20324
607 81.63131
608 55.278656
609 109.760315
610 78.78
611 65.42772
612 74.14617
613 66.912674
614 81.30786
615 90.42909
616 79.711334
617 62.25265
618 78.92416
619 69.70385
620 59.833527
621 100.00405
622 65.61145
623 83.38774
624 102.48702
625 95.07941
626 54.019863
627 53.91037
628 76.805984
629 82.39215
630 74.36894
631 74.39984
632 75.92481
633 64.84003
634 96.18642
635 87.81189
636 89.29624
637 62.38317
638 91.25871
639 92.66593
640 65.19974
641 75.05436
642 81.53843
643 65.28692
644 67.285995
645 62.074287
646 97.767395
647 69.14353
648 73.28448
649 61.686153
650 63.210106
651 77.96035
652 68.54752
653 42.953613
654 91.67029
655 102.06453
656 58.324066
657 107.4386
658 69.51739
659 83.26892
660 91.95387
661 73.085724
662 55.00321
663 65.31847
664 82.368324
665 102.44993
666 120.028885
667 64.258064
668 92.245445
669 88.23156
670 113.50348
671 75.44667
672 68.723145
673 73.57498
674 129.25093
675 66.47795
676 69.22185
677 50.611137
678 60.338634
679 92.34597
680 55.896626
681 95.79242
682 54.64297
683 91.542305
684 74.56897
685 98.79577
686 63.531258
687 44.17951
688 73.355286
