0 0 42.92956
0 1 46.65994
0 2 55.62234
0 3 30.86205
0 4 54.288815
0 5 41.526207
0 6 65.2387
0 7 70.14153
0 8 69.598694
0 9 53.350277
0 10 54.232033
0 11 51.747227
0 12 239.38626
0 13 87.05244
0 14 134.00519
0 15 698.739
0 16 1641.1753
0 17 987.64526
0 18 140.33098
0 0 48.82453
0 1 57.529495
0 2 63.74623
0 3 59.00554
0 0 45.01459
0 1 38.210526
0 0 39.634407
0 1 61.76599
0 0 37.54795
0 1 47.272507
0 2 56.767044
0 3 35.543083
0 4 38.54764
0 5 48.849445
0 6 131.1853
0 7 272.81537
0 8 871.27216
0 9 440.31714
0 0 37.237736
0 1 44.654606
0 2 39.882874
0 3 49.26553
0 4 61.79083
0 5 50.045006
0 6 46.225964
0 7 43.225834
0 8 65.6437
0 9 44.003075
0 10 43.826385
0 11 54.268826
0 12 60.14898
0 13 43.115314
0 14 66.33428
0 15 56.326096
0 16 45.051476
0 17 67.11421
0 18 47.25731
0 19 57.414246
0 20 162.1686
0 21 38.912617
0 22 58.882225
0 23 42.582497
0 24 57.27119
0 25 61.630672
0 26 67.749275
0 27 61.69355
0 28 65.44226
0 29 56.37895
0 30 67.02072
0 31 81.256584
0 32 59.77764
0 33 61.43261
0 34 69.53216
0 35 56.99003
0 36 70.12721
0 37 54.145294
0 38 87.66247
0 39 50.542328
0 40 60.38182
0 41 45.93622
0 42 126.28573
0 43 58.66085
0 44 62.70553
0 45 57.99949
0 46 70.73958
0 47 58.937366
0 48 53.913353
0 49 68.30626
0 50 61.882202
0 51 68.42413
0 52 56.9048
0 53 66.803696
0 54 118.09429
0 55 56.33386
0 56 42.816425
0 57 66.7785
0 58 164.49347
0 59 82.36242
0 60 60.703445
0 61 241.47021
0 62 67.89261
0 63 61.760998
0 64 53.807945
0 65 81.95749
0 66 235.55807
0 67 71.52376
0 68 125.4511
0 69 90.207825
0 70 66.728645
0 71 79.804085
0 72 90.99458
0 73 66.14376
0 74 168.50401
0 75 110.36596
0 76 115.696686
0 77 54.79377
0 78 201.77466
0 79 235.03607
0 80 154.83878
0 81 383.41443
0 0 13.550882
0 1 15.635275
0 2 14.025015
0 3 8.494793
0 4 15.9718685
0 5 14.77018
0 6 11.555509
0 7 15.401595
0 8 16.29625
0 9 11.276881
0 10 13.198707
0 11 11.180193
0 12 12.652425
0 13 15.640793
0 14 14.528394
0 15 7.867194
0 16 17.61797
0 17 10.936354
0 18 12.754067
0 19 11.664439
0 20 12.646383
0 21 18.764038
0 22 10.498705
0 23 13.510492
0 24 11.081975
0 25 9.30989
0 26 15.631051
0 27 18.392906
0 28 18.202042
0 29 18.714958
0 30 16.101852
0 31 10.92747
0 32 17.015966
0 33 14.628501
0 34 6.871887
0 35 12.722393
0 36 11.321521
0 37 12.23131
0 38 18.783646
0 39 18.099499
0 40 9.428606
0 41 11.419664
0 42 18.162731
0 43 8.31345
0 44 12.172256
0 45 11.496137
0 46 14.41082
0 47 17.85988
0 48 13.296632
0 49 9.878096
0 50 9.41907
0 51 24.1202
0 52 11.797178
0 53 10.167021
0 54 14.773247
0 55 12.271023
0 56 12.919445
0 57 11.040607
0 58 18.226917
0 59 13.824709
0 60 14.992191
0 61 12.764748
0 0 1153.1964
0 1 373.6292
0 0 669.7593
0 0 746.13617
0 1 885.3102
0 0 771.5663
0 1 1096.0957
0 2 753.1029
0 0 613.1003
0 1 931.0312
0 0 187.05328
0 0 792.2242
0 1 976.6488
0 0 1405.4646
0 1 85.27252
0 2 731.2329
0 3 459.87888
0 0 464.85312
0 0 235.14003
0 1 492.66266
0 2 969.5257
0 0 908.45605
0 1 735.5935
0 0 1309.198
0 0 4096.822
0 1 2760.285
0 2 2625.2803
0 0 3321.0818
0 0 3416.603
0 0 2839.7122
0 1 3432.004
0 2 3207.838
0 3 1592.8198
0 0 2872.8164
0 1 2440.8347
0 2 3072.1885
0 3 2732.0059
0 4 2511.239
0 0 6.720928
0 1 11.429715
0 2 5.108753
